750
0 2
576
814 760
936
482 636
769 49
719
962
841 552
572 54
953 304
774 285
67 20
929 31
92
688
715 105
153 59
392 234
912 262
670 155
758 721
612 44
788 95
872 454
899
890
630 414
416
888
818 6
771
560
216
937 115
808 27
851
716 438
405 162
462
834 385
499
723
627
959
980 94
857 288
219
995 36
779
963
847 46
740 151
921
837 88
930 65
891 157
846 183
939
797 10
725
907
759 101
525 321
272
609 770
923
932 513
911 231
978
722
619 8
973 894
951
742
533
737 71
977 51
833 270
401 243
969
840 517
751 108
947 30
339 137
735 474
889
991 511
11
800 69
853 204
850
681 487
879 52
943 129
950
908
712
622 53
815
355 133
410 564
729
984 116
945 327
386 150
949 26
982 128
789 124
481 344
836
873 443
23
960 674
567
596
485
803
886
746
913
806 338
320
409 102
236 72
967 15
98
956 858
707
745
451
773 130
724
887
965 126
193
994
918 492
954
998
997
290 188
916 415
922
881 91
832 40
179
905
463
727
613
200 80
830
594
919 138
387
430
507
207 76
958 461
941 289
964
605
993 522
972
422 47
544 171
821
816 37
852
878
829
992
641
988 55
617 498
926
754
603 581
298
19
896
706
638
325
644
309
637 93
957 173
796 169
974 99
550
733
376 64
968 368
739
920 12
975
709 85
906
775
22
761
798 711
809
880
668 484
224 573
483
824 96
457
868 66
903 18
860
866 335
795 615
394 417
620 182
885 82
915 653
928 57
703 579
859
393
571 104
691
933
583 199
996 427
876 428
927 118
981 257
227 97
532
877
260
767
867
744 32
893
626
629
543 350
588
645
983
966
924
753 168
828 373
189
999 79
970
575
802
835 345
125
553 359
865
669
898 206
504
942
728
961 249
931
73
743
648
702
348
611
741
765 146
756
423
539
625 68
521 244
614
295 117
862 134
952 160
468
502
623
845
726 114
559
831
686 147
935
259 84
874
460
823
844
948
987
986
280 61
825 144
813 496
251
882 256
817 180
662 185
607 437
546
404
810 238
792
934 119
334
861 318
601 195
694
938
479
296
166
805 253
917
247
255
855
580 252
695 161
732
750 657
545 163
455 383
856 165
777
812
990 248
787
490 273
551
697 123
838 399
678
747
955
940 198
470 156
375 503
790
985 307
436
413 337
584
684 501
752 218
659 632
631 190
493
826
100
528 86
822
897 469
478 237
736
730
181
820
109
654
784
904 271
870
663
604
713
306 624
705 152
793 131
203
38
211
925
979 223
472
313
402 330
755
616
971
286
388 191
103
664 661
281
450
81
701 221
671
776
794 408
944
895
892 143
526
768
145
542 175
424 395
48
595 226
643 172
799
557
509
666 246
976
763 263
683 566
215 269
720 363
519
235
864
869
514
222
480
464 372
717 449
562 590
516
268
677
435
900
749 58
287
606
13
738
635 264
989
685 452
370
159
578 297
530
382 343
676 291
640
718
371 366
441
679
819
791
883 432
710 310
361
778
340
500
647
561
275
586 336
331 242
585 266
494 341
556
839
178
279
704
582 512
875
214 548
538
196
254
277
762 447
650
910 434
9
781 407
400
807
574
508
406
446
89
300
827
475 419
16
665 250
690
946 426
488
301
459 403
127
217
909 518
714 465
541
783 158
660 534
801 628
780
658
782 365
358
233
527 458
884 398
261
593
563 466
439
785
901 384
675 535
842
682
914
448
411
148
245
210
680
646
766
700 322
698 495
302
505
63
804
731 445
598 324
786
708
672
477
600 353
391
241
570
849
863
757
687
692
267
902 444
772
652
5
655
649
734
651 390
618 529
25
602
555
592
540
610
520
621
693
689 418
577 471
34
536
497
524 476
113
673 510
633 523
467
228
328
381
848
597
569
515
568 537
634 547
396
811
78
442
420
299
764
696 589
379
854
565
871 558
554
456
70
378
667
608 587
367
506
429
356
364
473
360
425
440
412
549
489
323
421
433
41
389
531
232
377
374
349
397
319
656
342
362
142
347
329
599 699
90
314
4
167
326
311
316
284
491
351
591
346
225
305
149
333
208
136
639
87
258
111
486
369
201
121
220
106
283
332
354
197
60
239
202
453
843
240
174
212
315
35
265
176
28
120
292
213
77
352
357
317
229
45
209
194
748
642
192
154
293
139
230
83
282
303
187
184
24
431
14
112
177
312
43
122
141
294
276
186
7
132
380
308
140
62
274
278
205
170
164
3
17
135
39
29
50
75
110
107
74
56
42
33
21
1
